0
60 0
88 83 0
-1 -1 50 0
-1 -1 68 52 0
-1 -1 -1 -1 162 0
-1 -1 -1 -1 -1 117 0
-1 -1 -1 -1 -1 80 66 0
-1 -1 -1 -1 153 -1 -1 -1 0
-1 -1 70 110 62 -1 -1 -1 -1 0
-1 90 -1 -1 -1 -1 -1 -1 -1 112 0
-1 -1 -1 -1 -1 -1 -1 -1 -1 -1 180 0
-1 -1 -1 -1 -1 -1 -1 -1 -1 -1 -1 55 0
-1 -1 -1 -1 -1 -1 -1 -1 -1 -1 -1 -1 100 0
-1 -1 -1 -1 -1 -1 -1 -1 -1 -1 -1 -1 30 100 0
-1 -1 -1 -1 -1 -1 -1 -1 75 55 125 -1 -1 -1 -1 0
-1 -1 -1 -1 -1 -1 -1 -1 -1 -1 -1 45 -1 -1 -1 29 0
-1 -1 -1 -1 -1 -1 -1 -1 -1 -1 -1 -1 82 165 -1 -1 45 0
-1 -1 -1 -1 -1 -1 -1 -1 -1 -1 -1 -1 158 -1 -1 -1 -1 98 0
-1 -1 -1 -1 -1 -1 -1 -1 -1 -1 -1 -1 -1 109 -1 -1 -1 -1 134 0
-1 -1 -1 -1 -1 -1 -1 -1 -1 -1 -1 -1 -1 -1 -1 -1 -1 -1 -1 31 0
-1 -1 -1 -1 -1 -1 -1 -1 -1 -1 -1 -1 -1 -1 -1 -1 -1 -1 167 -1 60 0
-1 -1 -1 -1 -1 -1 -1 -1 -1 -1 -1 -1 -1 -1 -1 -1 -1 -1 126 114 -1 78 0
-1 -1 -1 -1 -1 -1 -1 -1 -1 -1 -1 -1 -1 -1 -1 -1 -1 -1 -1 150 -1 82 -1 0
-1 -1 -1 -1 -1 -1 -1 -1 -1 -1 -1 -1 -1 -1 -1 -1 -1 -1 -1 -1 -1 -1 -1 20 0
-1 -1 -1 -1 -1 -1 -1 -1 -1 -1 -1 -1 -1 -1 -1 -1 -1 -1 -1 -1 -1 100 100 145 -1 0
-1 -1 -1 -1 -1 -1 -1 -1 -1 -1 -1 -1 -1 -1 -1 -1 -1 -1 160 -1 -1 -1 -1 -1 -1 -1 0
-1 -1 -1 -1 -1 -1 -1 -1 -1 -1 -1 -1 -1 -1 -1 -1 -1 -1 -1 -1 -1 -1 277 -1 -1 161 20 0
-1 -1 -1 -1 -1 -1 -1 -1 -1 -1 -1 -1 -1 -1 -1 -1 -1 -1 237 -1 -1 -1 -1 -1 -1 -1 120 100 0
-1 -1 -1 -1 -1 -1 -1 -1 -1 -1 -1 -1 -1 -1 -1 -1 -1 -1 -1 -1 -1 -1 -1 -1 -1 -1 -1 -1 117 0
-1 -1 -1 -1 -1 -1 20 -1 -1 -1 -1 -1 -1 -1 -1 -1 -1 -1 -1 -1 -1 -1 -1 -1 -1 -1 -1 -1 -1 -1 0